00003
00004
00005
00006
00007
00008
00010
00011
00013
00014
00016
00017
00018
00020
00021
00022
00023
00024
00025
00028
00029
00032
00033
00034
00035
00036
00037
00038
00039
00040
00041
00042
00043
00044
00045
00046
00047
00048
00049
00050
00051
00053
00054
00055
00056
00057
00059
00060
00061
00062
00065
00066
00067
00068
00070
00071
00073
00074
00076
00077
00078
00080
00083
00084
00085
00086
00087
00088
00089
00090
00091
00092
00093
00094
00095
00096
00097
00098
00099
00100
00102
00104
00105
00106
00107
00109
00110
00111
00112
00113
00114
00116
00118
00119
00121
00122
00123
00124
00127
00128
00129
00130
00131
00133
00134
00136
00137
00138
00140
00141
00142
00143
00144
00145
00146
00147
00148
00149
00150
00151
00153
00154
00155
00156
00157
00158
00159
00160
00161
00162
00163
00164
00166
00169
00170
00171
00172
00173
00174
00175
00176
00179
00181
00182
00183
00184
00185
00187
00188
00189
00190
00191
00192
00193
00194
00195
00196
00197
00198
00199
00200
00202
00203
00204
00205
00206
00208
00210
00211
00212
00214
00215
00216
00217
00219
00220
00221
00222
00223
00224
00225
00227
00229
00230
00231
00232
00233
00234
00235
00237
00238
00239
00241
00242
00243
00244
00245
00247
00248
00249
00250
00252
00253
00254
00255
00256
00257
00259
00260
00261
00262
00263
00264
00266
00267
00268
00269
00271
00273
00274
00276
00277
00278
00279
00280
00281
00282
00283
00284
00285
00286
00287
00289
00291
00293
00295
00296
00297
00299
00300
00301
00302
00303
00304
00305
00306
00307
00308
00310
00311
00314
00315
00317
00319
00320
00321
00323
00324
00325
00326
00328
00329
00330
00334
00335
00336
00338
00339
00340
00341
00342
00343
00347
00348
00349
00350
00351
00352
00353
00354
00355
00356
00357
00359
00360
00361
00362
00366
00367
00369
00371
00372
00373
00375
00376
00377
00379
00380
00381
00382
00384
00386
00387
00389
00390
00391
00392
00393
00394
00396
00397
00398
00399
00400
00401
00402
00403
00404
00405
00406
00409
00410
00411
00412
00413
00414
00415
00416
00417
00418
00419
00420
00421
00422
00423
00424
00425
00426
00427
00428
00431
00432
00433
00434
00435
00436
00437
00438
00439
00440
00442
00443
00444
00445
00446
00447
00448
00449
00450
00451
00452
00453
00455
00456
00457
00458
00459
00460
00461
00462
00463
00464
00465
00467
00468
00469
00470
00471
00472
00474
00477
00478
00479
00480
00481
00482
00483
00485
00486
00487
00488
00489
00490
00491
00494
00495
00496
00497
00498
00499
00501
00503
00504
00505
00506
00507
00508
00512
00513
00514
00516
00517
00518
00519
00520
00522
00524
00525
00526
00527
00528
00529
00531
00532
00533
00534
00535
00536
00538
00540
00541
00542
00546
00547
00548
00549
00550
00551
00552
00553
00554
00555
00556
00558
00559
00560
00561
00562
00563
00564
00566
00567
00568
00569
00570
00571
00572
00574
00575
00578
00579
00581
00582
00583
00584
00585
00586
00587
00588
00590
00591
00593
00594
00595
00596
00597
00598
00600
00601
00602
00603
00605
00607
00608
00609
00610
00611
00612
00613
00614
00615
00616
00618
00619
00620
00621
00622
00623
00624
00627
00628
00629
00630
00632
00633
00634
00635
00636
00637
00639
00640
00641
00642
00644
00646
00648
00649
00650
00651
00652
00653
00654
00655
00658
00660
00662
00663
00664
00665
00669
00670
00671
00672
00673
00675
00676
00677
00678
00679
00680
00681
00682
00684
00686
00687
00689
00690
00691
00694
00695
00696
00697
00699
00700
00702
00703
00704
00705
00706
00707
00710
00711
00713
00714
00715
00716
00717
00718
00719
00720
00721
00722
00723
00724
00725
00726
00727
00728
00729
00730
00731
00732
00733
00734
00736
00737
00738
00739
00740
00741
00743
00744
00746
00748
00751
00752
00753
00754
00755
00756
00757
00759
00760
00761
00762
00763
00766
00768
00769
00770
00771
00772
00773
00774
00775
00777
00778
00779
00780
00781
00782
00783
00784
00785
00786
00787
00788
00789
00790
00791
00792
00793
00794
00795
00796
00797
00798
00799
00800
00802
00804
00805
00806
00807
00811
00813
00815
00816
00817
00818
00819
00821
00822
00823
00825
00827
00828
00829
00830
00832
00833
00834
00836
00837
00839
00841
00842
00843
00844
00845
00846
00847
00848
00849
00850
00851
00852
00853
00854
00855
00856
00859
00860
00861
00864
00865
00866
00867
00868
00869
00870
00871
00872
00873
00874
00875
00876
00877
00879
00880
00881
00882
00883
00885
00886
00887
00888
00891
00892
00894
00895
00896
00897
00898
00899
00900
00901
00902
00903
00904
00905
00906
00907
00908
00910
00911
00912
00913
00914
00915
00916
00917
00919
00921
00922
00923
00924
00925
00926
00927
00928
00930
00931
00932
00933
00934
00935
00936
00938
00939
00940
00943
00945
00946
00947
00949
00952
00953
00954
00955
00956
00957
00958
00961
00962
00963
00964
00965
00966
00969
00970
00971
00973
00975
00976
00977
00978
00979
00981
00982
00983
00984
00985
00986
00988
00990
00991
00992
00993
00996
00998
00999
01000
01001
01002
01003
01004
01005
01006
01007
01008
01011
01012
01013
01015
01016
01017
01020
01021
01023
01024
01026
01027
01028
01029
01030
01031
01032
01033
01034
01035
01036
01037
01038
01039
01040
01042
01044
01045
01046
01047
01048
01050
01051
01052
01053
01054
01055
01056
01057
01059
01060
01061
01064
01065
01067
01068
01070
01071
01072
01073
01074
01075
01076
01077
01078
01079
01080
01086
01088
01089
01090
01091
01093
01094
01095
01096
01097
01098
01099
01100
01102
01103
01105
01106
01107
01108
01109
01111
01113
01114
01115
01116
01117
01118
01119
01120
01121
01122
01123
01126
01127
01129
01130
01131
01132
01133
01135
01136
01137
01138
01139
01141
01142
01145
01146
01147
01148
01149
01151
01153
01155
01156
01157
01158
01159
01160
01161
01164
01166
01168
01170
01171
01172
01174
01175
01176
01177
01178
01179
01180
01181
01182
01183
01184
01185
01186
01187
01188
01189
01190
01191
01192
01194
01195
01196
01197
01199
01200
01201
01202
01204
01205
01206
01207
01209
01210
01211
01213
01214
01216
01217
01218
01220
01221
01222
01223
01226
01227
01228
01229
01230
01231
01232
01233
01234
01235
01236
01241
01242
01243
01244
01245
01246
01247
01248
01249
01250
01251
01252
01253
01254
01255
01257
01258
01261
01262
01263
01264
01266
01267
01268
01269
01270
01272
01273
01274
01276
01278
01280
01282
01283
01284
01285
01287
01288
01289
01290
01292
01293
01294
01295
01297
01298
01299
01300
01301
01302
01303
01304
01305
01306
01307
01308
01309
01310
01312
01313
01314
01315
01317
01318
01319
01320
01321
01322
01323
01324
01325
01327
01328
01330
01331
01332
01333
01336
01337
01338
01340
01343
01344
01345
01346
01347
01348
01349
01350
01351
01352
01353
01354
01355
01356
01358
01359
01360
01361
01362
01363
01365
01366
01367
01368
01369
01370
01371
01372
01373
01374
01375
01376
01377
01379
01380
01381
01382
01383
01384
01385
01386
01388
01389
01390
01391
01392
01393
01394
01395
01397
01398
01399
01400
01401
01402
01404
01405
01406
01407
01408
01409
01410
01411
01412
01414
01415
01416
01417
01418
01419
01421
01422
01423
01424
01425
01426
01427
01428
01429
01430
01433
01434
01435
01436
01437
01438
01439
01440
01441
01442
01443
01444
01445
01446
01447
01450
01451
01452
01453
01454
01455
01456
01458
01459
01461
01462
01463
01464
01465
01466
01467
01468
01469
01470
01472
01473
01474
01475
01476
01478
01479
01480
01481
01482
01483
01484
01485
01486
01487
01488
01489
01491
01493
01494
01495
01496
01497
01498
01499
01500
01501
01502
01503
01504
01505
01508
01509
01510
01511
01512
01513
01514
01516
01517
01520
01521
01522
01523
01524
01525
01526
01527
01528
01532
01533
01534
01535
01536
01537
01539
01541
01542
01543
01545
01546
01547
01548
01550
01552
01553
01554
01555
01556
01558
01561
01562
01563
01564
01567
01568
01569
01570
01571
01573
01574
01576
01577
01578
01580
01581
01582
01583
01584
01585
01586
01587
01588
01589
01590
01591
01592
01593
01595
01596
01598
01599
01600
01601
01602
01603
01604
01606
01608
01609
01610
01611
01612
01613
01614
01615
01616
01617
01618
01619
01620
01623
01624
01625
01627
01628
01629
01630
01631
01632
01634
01635
01636
01637
01638
01639
01640
01641
01642
01643
01644
01645
01646
01647
01649
01650
01653
01655
01656
01657
01658
01659
01660
01661
01662
01663
01665
01667
01669
01670
01672
01674
01676
01678
01679
01680
01681
01682
01683
01684
01686
01687
01689
01690
01692
01693
01694
01695
01696
01698
01699
01700
01701
01705
01706
01707
01708
01710
01712
01713
01714
01715
01717
01718
01719
01720
01721
01723
01724
01726
01727
01728
01729
01730
01731
01732
01733
01734
01735
01736
01737
01738
01739
01740
01741
01742
01743
01744
01745
01746
01747
01750
01751
01752
01753
01754
01755
01756
01757
01758
01759
01760
01761
01763
01765
01766
01770
01771
01772
01774
01775
01776
01777
01778
01780
01781
01782
01783
01784
01787
01788
01790
01793
01794
01795
01796
01797
01798
01799
01800
01801
01804
01805
01807
01808
01811
01812
01813
01814
01817
01818
01820
01821
01822
01823
01824
01826
01828
01829
01830
01831
01832
01833
01834
01835
01836
01837
01838
01839
01840
01841
01842
01844
01845
01846
01847
01848
01851
01852
01853
01854
01855
01856
01858
01859
01860
01861
01862
01863
01864
01865
01866
01867
01868
01869
01870
01871
01872
01873
01874
01875
01876
01877
01878
01879
01882
01883
01884
01885
01886
01887
01889
01890
01891
01892
01893
01894
01895
01896
01897
01899
01900
01901
01902
01904
01905
01906
01908
01910
01911
01912
01915
01916
01918
01919
01920
01921
01922
01923
01924
01925
01926
01928
01930
01931
01932
01933
01934
01935
01936
01937
01939
01940
01941
01942
01943
01944
01945
01946
01947
01948
01949
01950
01951
01952
01953
01955
01956
01958
01959
01960
01962
01964
01966
01968
01969
01970
01971
01972
01973
01974
01976
01977
01979
01980
01981
01982
01984
01985
01986
01987
01988
01991
01992
01993
01994
01995
01996
01997
01999
02000
02001
02002
02003
02004
02005
02006
02007
02008
02009
02010
02011
02012
02013
02014
02015
02016
02017
02018
02019
02020
02021
02022
02023
02024
02025
02026
02027
02028
02029
02030
02033
02034
02035
02036
02038
02039
02041
02042
02043
02046
02047
02048
02049
02050
02051
02054
02056
02057
02059
02060
02061
02062
02063
02064
02065
02066
02067
02068
02070
02071
02072
02073
02074
02075
02076
02077
02078
02079
02080
02081
02082
02083
02085
02087
02088
02089
02090
02091
02094
02095
02096
02097
02098
02099
02100
02102
02103
02105
02106
02107
02108
02109
02110
02111
02112
02113
02114
02116
02117
02118
02119
02120
02122
02124
02125
02126
02128
02132
02134
02135
02136
02139
02140
02141
02142
02143
02144
02145
02147
02148
02149
02151
02152
02153
02154
02155
02156
02157
02158
02159
02160
02161
02162
02163
02164
02165
02166
02167
02168
02169
02170
02171
02172
02173
02174
02175
02176
02177
02179
02180
02181
02182
02183
02184
02185
02186
02187
02188
02189
02190
02191
02192
02193
02194
02195
02196
02197
02198
02199
02200
02201
02202
02203
02204
02205
02206
02207
02209
02210
02211
02213
02215
02216
02217
02218
02219
02221
02222
02224
02225
02226
02227
02228
02229
02230
02231
02233
02234
02235
02236
02237
02238
02239
02240
02241
02242
02243
02244
02245
02246
02247
02248
02249
02251
02252
02253
02255
02256
02258
02259
02260
02261
02262
02263
02264
02265
02266
02267
02269
02270
02271
02272
02273
02274
02275
02276
02277
02278
02279
02281
02283
02284
02286
02287
02288
02289
02290
02291
02292
02295
02296
02297
02298
02299
02301
02302
02303
02304
02305
02306
02307
02309
02310
02312
02313
02314
02315
02317
02318
02319
02320
02322
02323
02324
02325
02326
02327
02328
02329
02332
02333
02334
02335
02336
02337
02339
02340
02341
02342
02343
02344
02345
02346
02347
02348
02350
02352
02353
02354
02355
02357
02359
02360
02361
02362
02363
02364
02365
02366
02367
02368
02369
02370
02375
02376
02377
02379
02380
02381
02382
02383
02385
02386
02387
02388
02390
02391
02392
02393
02395
02398
02399
02400
02401
02404
02405
02407
02408
02409
02410
02412
02413
02415
02416
02417
02418
02419
02420
02421
02422
02423
02424
02425
02426
02428
02429
02431
02432
02433
02434
02435
02436
02438
02439
02440
02442
02443
02444
02446
02447
02448
02450
02453
02454
02455
02456
02457
02458
02460
02462
02463
02464
02465
02470
02471
02472
02474
02475
02476
02478
02481
02482
02483
02485
02486
02487
02488
02489
02490
02491
02492
02493
02494
02495
02496
02498
02499
02500
02502
02504
02506
02507
02508
02509
02510
02511
02512
02513
02514
02515
02516
02517
02518
02520
02523
02524
02525
02526
02527
02529
02530
02531
02532
02533
02534
02535
02536
02537
02538
02539
02542
02543
02544
02545
02546
02547
02548
02549
02550
02552
02553
02554
02558
02559
02560
02561
02562
02563
02564
02565
02566
02567
02568
02569
02570
02572
02573
02574
02575
02576
02577
02579
02580
02582
02583
02584
02585
02586
02588
02591
02593
02594
02595
02596
02598
02599
02600
02601
02602
02603
02604
02605
02606
02608
02609
02610
02611
02612
02614
02615
02616
02617
02619
02620
02622
02623
02624
02625
02627
02628
02629
02630
02631
02632
02633
02634
02635
02637
02638
02639
02640
02642
02643
02644
02646
02647
02648
02649
02650
02651
02652
02654
02655
02657
02659
02660
02661
02662
02665
02666
02667
02668
02669
02671
02672
02673
02674
02675
02677
02679
02680
02682
02683
02684
02685
02687
02688
02689
02690
02692
02693
02694
02695
02696
02697
02698
02699
02700
02701
02702
02703
02705
02706
02707
02710
02711
02712
02713
02714
02715
02716
02717
02718
02719
02720
02721
02722
02723
02726
02727
02728
02730
02732
02733
02734
02735
02737
02738
02740
02741
02742
02743
02745
02747
02748
02749
02750
02752
02753
02754
02755
02756
02757
02758
02759
02760
02763
02765
02766
02768
02769
02771
02772
02773
02774
02775
02776
02777
02778
02779
02780
02782
02783
02785
02786
02789
02790
02791
02792
02793
02794
02795
02796
02797
02798
02799
02800
02801
02802
02803
02805
02806
02807
02808
02809
02810
02812
02813
02814
02816
02818
02820
02822
02823
02824
02826
02827
02828
02830
02831
02833
02834
02835
02836
02837
02838
02840
02841
02842
02844
02845
02846
02847
02848
02850
02851
02852
02853
02854
02855
02856
02857
02858
02859
02861
02862
02863
02864
02866
02867
02868
02870
02871
02872
02873
02874
02875
02876
02877
02878
02879
02880
02881
02882
02883
02886
02888
02890
02891
02893
02894
02896
02897
02899
02901
02902
02903
02905
02906
02907
02908
02909
02910
02912
02913
02914
02915
02916
02917
02918
02921
02922
02923
02924
02926
02928
02929
02930
02931
02932
02934
02935
02938
02939
02941
02944
02945
02946
02947
02948
02949
02950
02951
02952
02953
02954
02955
02957
02958
02960
02961
02963
02964
02965
02966
02968
02969
02970
02971
02972
02973
02974
02975
02976
02977
02979
02980
02981
02982
02983
02984
02985
02986
02987
02988
02989
02990
02991
02992
02993
02994
02995
02997
02998
02999
03000
03001
03002
03003
03004
03007
03009
03010
03011
03012
03013
03014
03015
03016
03018
03019
03021
03022
03025
03026
03027
03028
03029
03030
03031
03033
03034
03035
03036
03037
03038
03039
03040
03042
03046
03048
03049
03050
03052
03053
03054
03055
03056
03058
03059
03060
03061
03062
03063
03064
03065
03066
03067
03068
03069
03070
03071
03072
03073
03074
03075
03077
03078
03079
03080
03081
03082
03084
03086
03087
03088
03089
03090
03091
03092
03093
03094
03095
03097
03098
03099
03100
03102
03103
03105
03106
03107
03108
03109
03110
03111
03112
03113
03114
03115
03116
03117
03118
03119
03120
03121
03122
03123
03125
03126
03127
03128
03129
03130
03132
03133
03134
03135
03136
03137
03138
03139
03141
03142
03144
03145
03148
03149
03154
03156
03157
03158
03159
03160
03161
03162
03163
03164
03165
03166
03168
03169
03170
03171
03172
03173
03174
03176
03177
03179
03180
03182
03184
03186
03187
03188
03189
03190
03192
03193
03194
03195
03196
03197
03198
03199
03200
03201
03203
03206
03207
03208
03209
03210
03212
03213
03214
03215
03216
03217
03218
03219
03220
03221
03222
03223
03224
03225
03227
03228
03229
03230
03232
03233
03235
03237
03238
03239
03241
03242
03243
03244
03246
03247
03250
03251
03252
03253
03254
03255
03256
03257
03258
03259
03261
03262
03264
03265
03268
03269
03270
03271
03272
03273
03274
03275
03276
03277
03278
03279
03280
03281
03282
03283
03284
03285
03287
03288
03289
03290
03292
03293
03294
03296
03297
03298
03299
03300
03301
03303
03305
03306
03307
03308
03309
03310
03311
03312
03313
03314
03315
03316
03318
03319
03321
03322
03323
03324
03326
03327
03328
03329
03330
03331
03332
03333
03334
03335
03336
03337
03338
03339
03340
03341
03343
03344
03345
03346
03348
03349
03350
03351
03352
03353
03354
03355
03356
03358
03359
03360
03361
03362
03363
03364
03366
03367
03369
03371
03372
03373
03374
03375
03377
03378
03379
03380
03381
03382
03383
03384
03385
03386
03387
03388
03389
03390
03392
03393
03395
03399
03402
03403
03405
03406
03407
03408
03409
03410
03411
03412
03413
03415
03418
03419
03421
03424
03425
03427
03428
03429
03430
03431
03432
03433
03434
03436
03437
03439
03440
03443
03444
03446
03447
03448
03449
03450
03451
03452
03453
03455
03456
03459
03460
03461
03463
03464
03466
03468
03469
03470
03471
03472
03473
03474
03476
03477
03478
03479
03480
03481
03482
03483
03484
03485
03487
03488
03491
03493
03495
03496
03498
03499
03501
03502
03503
03505
03506
03507
03509
03510
03511
03512
03513
03514
03515
03516
03517
03518
03519
03520
03521
03522
03523
03524
03525
03526
03528
03529
03530
03533
03534
03535
03537
03538
03539
03540
03541
03542
03543
03544
03545
03546
03547
03548
03549
03550
03551
03552
03553
03554
03557
03558
03559
03560
03561
03563
03564
03566
03568
03569
03570
03571
03573
03574
03575
03576
03577
03578
03579
03580
03581
03582
03583
03584
03585
03586
03587
03588
03590
03591
03592
03593
03594
03595
03596
03597
03599
03600
03601
03602
03603
03604
03606
03607
03608
03610
03611
03612
03613
03616
03617
03618
03620
03621
03622
03624
03625
03627
03628
03629
03630
03631
03632
03633
03634
03635
03636
03639
03640
03644
03646
03647
03649
03650
03651
03652
03653
03655
03657
03658
03660
03661
03662
03663
03665
03666
03667
03668
03670
03672
03673
03675
03676
03679
03680
03681
03682
03683
03684
03685
03686
03687
03688
03689
03690
03692
03693
03694
03695
03696
03697
03698
03700
03701
03702
03703
03704
03705
03706
03707
03708
03709
03711
03712
03713
03715
03717
03718
03720
03721
03722
03723
03725
03726
03727
03728
03729
03730
03734
03735
03736
03737
03738
03739
03740
03741
03742
03743
03744
03745
03746
03747
03748
03749
03750
03752
03753
03756
03758
03760
03761
03762
03763
03764
03765
03766
03767
03768
03769
03770
03771
03773
03776
03777
03778
03779
03780
03781
03782
03783
03786
03787
03789
03790
03791
03792
03793
03794
03795
03796
03797
03798
03799
03800
03801
03802
03803
03804
03805
03806
03807
03808
03809
03810
03811
03812
03813
03814
03815
03816
03817
03818
03820
03821
03822
03823
03825
03828
03829
03830
03831
03832
03834
03835
03836
03837
03838
03839
03840
03841
03842
03843
03844
03845
03846
03847
03848
03849
03850
03851
03854
03855
03856
03858
03859
03860
03864
03865
03866
03868
03869
03870
03871
03873
03874
03875
03876
03878
03879
03880
03881
03882
03884
03885
03886
03887
03888
03889
03890
03891
03892
03893
03894
03895
03897
03898
03899
03900
03901
03902
03906
03908
03909
03910
03911
03912
03913
03914
03915
03917
03918
03919
03920
03921
03922
03923
03926
03927
03928
03929
03930
03931
03932
03933
03935
03936
03937
03938
03940
03942
03944
03945
03946
03948
03951
03952
03953
03954
03955
03956
03957
03958
03960
03961
03962
03963
03964
03965
03966
03967
03968
03969
03970
03971
03972
03973
03974
03975
03976
03977
03978
03979
03981
03983
03985
03986
03987
03988
03989
03990
03992
03993
03994
03995
03997
03998
03999
04000
04001
04003
04005
04006
04009
04010
04011
04012
04013
04017
04018
04019
04020
04021
04022
04024
04025
04026
04027
04028
04031
04032
04033
04034
04037
04038
04039
04040
04041
04044
04045
04046
04047
04048
04049
04053
04054
04055
04056
04060
04061
04062
04063
04064
04065
04066
04067
04070
04071
04073
04074
04075
04078
04079
04080
04081
04082
04085
04086
04087
04088
04089
04090
04091
04092
04093
04094
04095
04096
04097
04098
04099
04100
04101
04102
04103
04104
04105
04106
04107
04109
04110
04111
04112
04113
04114
04116
04117
04118
04119
04120
04121
04122
04123
04124
04126
04127
04128
04129
04130
04131
04132
04133
04137
04138
04139
04140
04141
04142
04143
04144
04145
04146
04147
04148
04149
04150
04151
04153
04155
04156
04157
04158
04159
04160
04162
04163
04165
04167
04168
04169
04170
04171
04172
04173
04174
04175
04176
04177
04178
04179
04180
04182
04183
04184
04185
04186
04187
04189
04190
04191
04192
04193
04194
04196
04197
04198
04199
