00002
00003
00004
00005
00007
00008
00009
00010
00012
00013
00014
00015
00017
00018
00019
00020
00022
00023
00024
00025
00027
00028
00029
00030
00032
00033
00034
00035
00037
00038
00039
00040
00042
00052
00053
00054
00056
00057
00058
00059
00061
00062
00063
00064
00066
00067
00068
00069
00071
00072
00073
00074
00076
00077
00078
00079
00081
00082
00083
00084
00092
00093
00094
00095
00097
00098
00099
00100
00102
00103
00104
00105
00107
00108
00109
00110
00112
00113
00114
00115
00117
00118
00119
00120
00137
00138
00139
00140
00142
00143
00144
00145
00147
00148
00149
00150
00152
00153
00154
00155
00157
00158
00159
00160
00162
00163
00164
00165
00173
00174
00175
00176
00178
00179
00180
00181
00183
00184
00185
00186
00188
00189
00190
00191
00193
00194
00195
00196
00198
00199
00200
00201
00203
00204
00205
00206
00215
00216
00217
00218
00220
00221
00222
00223
00225
00226
00227
00228
00230
00231
00232
00233
00235
00236
00237
00238
00240
00241
00242
00243
00245
00246
00247
00248
00250
00251
00252
00253
00255
00256
00257
00258
00260
00261
00262
00263
00265
00266
00267
00268
00270
00271
00272
00273
00275
00276
00277
00278
00280
00281
00282
00283
00285
00286
00287
00288
00290
00291
00292
00293
00295
00296
00297
00298
00300
00301
00302
00303
00305
00306
00307
00308
00310
00311
00312
00313
00315
00316
00317
00318
00320
00321
00322
00323
00325
00326
00327
00328
00330
00331
00332
00333
00335
00336
00337
00338
00340
00341
00342
00343
00345
00346
00347
00348
00350
00361
00362
00368
00370
00371
00372
00373
00375
00376
00377
00378
00380
00389
00390
00391
00393
00394
00395
00396
00398
00399
00400
00401
00403
00404
00405
00406
00408
00409
00410
00411
00413
00414
00415
00416
00418
00419
00420
00421
00423
00424
00425
00426
00428
00429
00430
00431
00433
00434
00435
00436
00438
00439
00440
00441
00443
00444
00445
00446
00448
00449
00450
00451
00453
00454
00455
00456
00458
00459
00460
00461
00463
00464
00465
00466
00468
00469
00470
00471
00473
00474
00475
00476
00478
00479
00480
00481
00483
00484
00485
00486
00488
00489
00490
00491
00493
00494
00495
00496
00498
00499
00500
00519
00521
00522
00523
00524
00526
00527
00528
00529
00531
00532
00533
00534
00536
00537
00538
00539
00541
00542
00543
00544
00546
00547
00548
00549
00551
00552
00553
00554
00556
00557
00558
00559
00561
00562
00563
00564
00566
00567
00568
00569
00571
00572
00573
00574
00576
00577
00578
00579
00581
00582
00583
00584
00586
00591
00592
00593
00595
00596
00597
00598
00600
00601
00602
00603
00605
00606
00607
00608
00610
00611
00612
00613
00615
00616
00617
00618
00620
00621
00622
00623
00625
00626
00627
00628
00630
00649
00650
00651
00653
00654
00655
00656
00658
00659
00660
00661
00663
00664
00665
00666
00668
00669
00670
00671
00673
00674
00675
00676
00678
00679
00680
00681
00683
00684
00685
00686
00688
00689
00690
00691
00693
00694
00695
00696
00698
00699
00700
00701
00703
00704
00705
00706
00708
00709
00722
00723
00725
00726
00727
00728
00730
00731
00732
00733
00735
00736
00737
00738
00740
00741
00742
00743
00745
00746
00747
00748
00750
00751
00752
00753
00755
00756
00757
00758
00760
00761
00762
00763
00765
00766
00767
00768
00770
00771
00772
00773
00775
00776
00777
00778
00814
00815
00816
00817
00819
00820
00821
00822
00824
00825
00826
00827
00829
00830
00831
00832
00834
00835
00836
00837
00839
00840
00841
00842
00844
00845
00846
00847
00849
00850
00851
00852
00854
00855
00856
00857
00859
00860
00861
00862
00864
00865
00866
00867
00869
00870
00871
00872
00874
00875
00876
00877
00879
00891
00892
00893
00895
00896
00897
00898
00900
00901
00902
00903
00905
00906
00907
00908
00910
00911
00912
00913
00915
00916
00917
00918
00920
00921
00922
00923
00925
00926
00927
00928
00930
00931
00932
00933
00935
00936
00937
00938
00940
00941
00942
00943
00945
00946
00947
00948
00950
00951
00952
00953
00955
00956
00957
00958
00960
00961
00962
00963
00965
00966
00967
00968
00970
00971
00972
00973
00975
00976
00977
00978
00980
00981
00982
00983
00985
00986
00987
00988
00990
00991
00992
00993
00995
00996
00997
00998
01000
01001
01002
01003
01005
01006
01007
01008
01010
01011
01012
01013
01015
01016
01017
01018
01020
01021
01022
01023
01025
01026
01027
01028
01030
01031
01032
01033
01035
01036
01037
01038
01040
01041
01042
01043
01045
01059
01060
01061
01063
01064
01065
01066
01068
01069
01070
01071
01073
01074
01075
01076
01078
01079
01080
01081
01083
01084
01085
01086
01088
01089
01090
01091
01093
01094
01095
01096
01098
01099
01100
01101
01103
01104
01105
01106
01108
01109
01110
01111
01113
01114
01115
01116
01118
01119
01120
01121
01123
01124
01125
01126
01128
01129
01130
01131
01133
01134
01135
01136
01138
01139
01140
01141
01143
01144
01145
01146
01148
01149
01150
01151
01153
01154
01155
01156
01158
01159
01160
01161
01163
01164
01165
01166
01168
01169
01170
01171
01173
01174
01175
01176
01178
01179
01180
01181
01183
01184
01185
01186
01188
01189
01190
01191
01193
01194
01195
01196
01198
01199
01200
01201
01203
01204
01205
01206
01208
01209
01210
01211
01224
01225
01226
01227
01229
01230
01231
01232
01234
01235
01236
01237
01239
01240
01241
01242
01244
01245
01246
01247
01249
01250
01251
01252
01254
01255
01256
01257
01259
01260
01261
01262
01264
01265
01266
01267
01269
01270
01271
01272
01274
01275
01276
01277
01279
01280
01281
01282
01284
01285
01286
01287
01288
01289
01290
01291
01292
01293
01294
01295
01296
01297
01298
01299
01300
01325
01326
01327
01328
01329
01330
01331
01332
01333
01334
01335
01336
01337
01338
01339
01340
01341
01342
01343
01344
01345
01346
01347
01348
01349
01350
01351
01352
01353
01354
01355
01356
01357
01358
01359
01360
01361
01362
01363
01364
01383
01384
01385
01386
01387
01388
01389
01390
01391
01392
01393
01394
01395
01396
01397
01398
01399
01400
01401
01402
01403
01404
01405
01406
01407
01408
01409
01410
01411
01412
01413
01414
01415
01416
01417
01418
01419
01444
01445
01446
01447
01448
01449
01450
01451
01452
01453
01454
01455
01456
01457
01458
01459
01460
01461
01462
01463
01464
01465
01466
01467
01468
01469
01470
01471
01472
01473
