190001
190035
190069
190103
190138
190172
190206
190240
190274
190308
190342
190376
190410
190444
190478
190512
190546
190581
190615
190649
190683
190717
190752
190786
190820
200024
200058
200092
200126
200160
200194
200228
200262
200296
210011
210045
210079
210113
210147
210181
210215
210249
210283
210317
210351
210385
210419
220017
220051
220085
220119
220153
220187
220221
220255
220289
220323
220357
230010
230044
230078
230112
230146
230180
230214
230248
230282
230316
230350
230384
230418
230452
240019
240053
240087
240121
240155
240189
240223
240257
240291
240325
240359
240393
240427
240461
240495
260029
260063
260097
260131
260165
260199
260235
260270
260304
260338
260372
260406
260440
